cam_ids:
- 18474651
cam_aliases:
- cam0
master_cam: 18474651
skip: 20
delay: 0


#Camera info message details
distortion_model: plumb_bob
image_height: 1536
image_width: 2048
distortion_coeffs:
- [-0.311433, 0.081025, 0.001124, 0.001193, 0.000000]

#specified as [fx  0 cx 0 fy cy 0  0  1]
intrinsic_coeffs:
- [1237.497090, 0.000000, 974.168301, 0.000000, 1238.090925, 773.370534, 0.000000, 0.000000, 1.000000]

rectification_coeffs:
- [1.000000, 0.000000, 0.000000, 0.000000, 1.000000, 0.000000, 0.000000, 0.000000, 1.000000] 

projection_coeffs:
- [913.700317, 0.000000, 953.448302, 0.000000, 0.000000, 1063.296631, 777.871993, 0.000000, 0.000000, 0.000000, 1.000000, 0.000000]

# Assign all the follwing via launch file to prevent confusion and conflict

#save_path: ~/projects/data
#save_type: .bmp #binary or .tiff or .bmp
#binning: 1 # going from 2 to 1 requires cameras to be unplugged and replugged
#color: false
#frames: 50
#soft_framerate: 4 # this frame rate reflects to the software frame rate set using ros::rate
#exp: 997
#to_ros: true  #When to_ros is not selected, but live is selected, pressing 'space' exports single image to ROS
